Embedding shape: (782, 50)
Vocab size: 782
--- 50-dim vector for: semester ---
  [00] -0.112446
  [01] -0.066991
  [02] 0.704262
  [03] -0.204577
  [04] 0.727761
  [05] 0.380384
  [06] 0.361438
  [07] 0.033350
  [08] -0.033848
  [09] 0.479592
  [10] 0.552818
  [11] 0.406760
  [12] -0.933671
  [13] -0.278940
  [14] 0.031210
  [15] -1.057762
  [16] -0.713362
  [17] 1.354804
  [18] -0.250909
  [19] 0.146504
  [20] -0.920472
  [21] -0.730920
  [22] 0.529035
  [23] -0.080778
  [24] 0.814944
  [25] 0.183157
  [26] -0.701170
  [27] 0.484672
  [28] 1.073146
  [29] 0.457230
  [30] 0.475988
  [31] -1.071109
  [32] 0.186546
  [33] 0.257876
  [34] -1.109590
  [35] 1.483102
  [36] 1.036639
  [37] 0.930983
  [38] 0.039278
  [39] -1.314368
  [40] -0.651186
  [41] 0.315779
  [42] -0.152445
  [43] 0.840145
  [44] 1.293702
  [45] 0.260544
  [46] 0.864862
  [47] -0.994145
  [48] -0.752257
  [49] -0.655921
--- Corpus sizes ---
Raw corpus total: 65017 bytes = 63.49 KB = 0.0620 MB
Cleaned corpus:   54632 bytes = 53.35 KB = 0.0521 MB